0)21,8515,[4, 0, 3, 5, 7, 8, 1, 6, 2]
1)21,8515,[3, 7, 6, 1, 8, 0, 4, 2, 5]
2)21,8515,[0, 2, 7, 8, 1, 4, 6, 3, 5]
3)21,8515,[6, 1, 2, 4, 7, 8, 5, 3, 0]
4)21,8515,[6, 4, 5, 3, 8, 0, 1, 7, 2]
5)21,8515,[2, 1, 3, 6, 4, 8, 5, 0, 7]
6)21,8515,[8, 3, 7, 1, 6, 2, 4, 5, 0]
7)21,8515,[6, 8, 2, 7, 3, 4, 5, 0, 1]
8)21,8515,[6, 4, 1, 7, 3, 5, 8, 2, 0]
9)21,8515,[1, 8, 6, 2, 0, 5, 4, 3, 7]
10)21,8515,[5, 0, 6, 3, 2, 1, 8, 7, 4]
11)21,8515,[0, 4, 7, 3, 5, 6, 1, 8, 2]
12)21,8515,[3, 0, 8, 7, 4, 2, 1, 6, 5]
13)21,8515,[2, 4, 0, 7, 6, 5, 8, 3, 1]
14)21,8515,[3, 2, 6, 1, 7, 8, 0, 5, 4]
15)21,8515,[5, 3, 7, 8, 0, 1, 6, 4, 2]
16)21,8515,[6, 5, 0, 1, 8, 2, 3, 7, 4]
17)21,8515,[2, 7, 1, 4, 8, 5, 3, 6, 0]
18)21,8515,[2, 7, 8, 5, 1, 6, 4, 3, 0]
19)21,8515,[0, 6, 2, 8, 3, 4, 7, 1, 5]
20)21,8515,[4, 7, 3, 8, 5, 0, 1, 6, 2]
21)21,8515,[4, 8, 3, 5, 1, 0, 6, 7, 2]
22)21,8515,[4, 3, 6, 2, 8, 5, 0, 7, 1]
23)21,8515,[0, 3, 7, 2, 8, 4, 6, 5, 1]
24)21,8515,[5, 3, 1, 7, 2, 0, 8, 6, 4]
25)21,8515,[0, 2, 7, 6, 5, 1, 8, 4, 3]
26)21,8515,[6, 5, 1, 7, 8, 0, 3, 4, 2]
27)21,8515,[5, 8, 6, 7, 2, 3, 4, 0, 1]
28)21,8515,[2, 6, 1, 4, 5, 8, 7, 0, 3]
29)21,8515,[7, 2, 5, 1, 0, 4, 6, 8, 3]
30)21,8515,[1, 6, 2, 7, 5, 0, 3, 8, 4]
31)21,8515,[4, 7, 3, 5, 0, 1, 8, 6, 2]
32)21,8515,[5, 6, 2, 0, 8, 1, 3, 7, 4]
33)21,8515,[0, 8, 7, 6, 5, 1, 4, 2, 3]
34)21,8515,[2, 8, 5, 6, 3, 1, 0, 7, 4]
35)21,8515,[2, 4, 5, 7, 0, 8, 3, 6, 1]
36)21,8515,[1, 0, 4, 2, 7, 6, 5, 8, 3]
37)21,8515,[8, 2, 5, 7, 6, 0, 3, 4, 1]
38)21,8515,[0, 2, 7, 6, 4, 5, 1, 8, 3]
39)21,8515,[3, 1, 8, 6, 7, 4, 5, 0, 2]
40)21,8515,[5, 2, 3, 7, 6, 4, 1, 0, 8]
41)21,8515,[7, 5, 1, 0, 6, 8, 2, 3, 4]
42)21,8515,[6, 2, 4, 0, 1, 5, 8, 7, 3]
43)21,8515,[6, 8, 1, 2, 4, 7, 5, 0, 3]
44)21,8515,[8, 6, 4, 1, 3, 5, 7, 0, 2]
45)21,8515,[1, 7, 4, 3, 5, 0, 8, 6, 2]
46)21,8515,[0, 3, 8, 2, 6, 5, 7, 1, 4]
47)21,8515,[5, 1, 2, 7, 4, 8, 0, 3, 6]
48)21,8515,[8, 6, 2, 5, 7, 4, 3, 1, 0]
49)21,8515,[7, 6, 0, 1, 8, 3, 2, 5, 4]
50)21,8515,[5, 4, 8, 1, 2, 0, 7, 3, 6]
51)21,8515,[8, 1, 3, 7, 6, 4, 0, 2, 5]
52)21,8515,[5, 0, 4, 2, 1, 6, 8, 3, 7]
53)21,8515,[6, 0, 2, 7, 5, 4, 8, 3, 1]
54)21,8515,[3, 8, 6, 1, 7, 0, 4, 5, 2]
55)21,8515,[4, 7, 2, 3, 5, 8, 1, 6, 0]
56)21,8515,[7, 4, 0, 6, 1, 3, 2, 8, 5]
57)21,8515,[4, 5, 0, 3, 2, 6, 7, 8, 1]
58)21,8515,[8, 6, 0, 1, 3, 7, 5, 4, 2]
59)21,8515,[5, 1, 6, 7, 4, 3, 8, 2, 0]
60)21,8515,[7, 8, 5, 1, 4, 2, 6, 3, 0]
61)21,8515,[1, 3, 2, 6, 4, 5, 0, 8, 7]
62)21,8515,[0, 7, 4, 8, 2, 5, 1, 3, 6]
63)21,8515,[4, 7, 2, 5, 8, 6, 0, 1, 3]
64)21,8515,[5, 0, 1, 2, 4, 7, 3, 8, 6]
65)21,8515,[0, 6, 8, 4, 3, 5, 7, 1, 2]
66)21,8515,[0, 5, 8, 7, 2, 1, 3, 6, 4]
67)21,8515,[1, 6, 0, 8, 4, 7, 3, 2, 5]
68)21,8515,[3, 8, 6, 2, 5, 1, 0, 4, 7]
69)21,8515,[0, 6, 2, 5, 1, 8, 4, 7, 3]
70)21,8515,[2, 6, 7, 4, 3, 0, 8, 1, 5]
71)21,8515,[0, 4, 8, 6, 1, 7, 3, 2, 5]
72)21,8515,[4, 2, 6, 5, 0, 3, 7, 8, 1]
73)21,8515,[2, 1, 6, 7, 0, 5, 3, 4, 8]
74)21,8515,[2, 6, 1, 8, 5, 4, 0, 3, 7]
75)21,8515,[3, 0, 2, 5, 6, 7, 1, 8, 4]
76)21,8515,[0, 4, 1, 2, 6, 5, 7, 3, 8]
77)21,8515,[5, 8, 6, 1, 2, 4, 7, 0, 3]
78)21,8515,[2, 6, 0, 4, 5, 8, 7, 3, 1]
79)21,8515,[3, 6, 4, 7, 5, 0, 1, 8, 2]
80)21,8515,[2, 1, 5, 7, 0, 3, 6, 4, 8]
81)21,8515,[5, 2, 4, 1, 7, 0, 6, 3, 8]
82)21,8515,[6, 0, 8, 1, 7, 3, 5, 4, 2]
83)21,8515,[3, 4, 6, 7, 0, 2, 5, 8, 1]
84)21,8515,[6, 2, 3, 5, 7, 4, 8, 0, 1]
85)21,8515,[5, 1, 4, 0, 2, 8, 3, 7, 6]
86)21,8515,[3, 2, 4, 8, 1, 7, 5, 6, 0]
87)21,8515,[4, 3, 5, 8, 6, 1, 0, 2, 7]
88)21,8515,[6, 5, 2, 0, 1, 3, 7, 8, 4]
89)21,8515,[2, 7, 3, 6, 5, 1, 4, 8, 0]
90)21,8515,[1, 2, 6, 3, 8, 7, 0, 4, 5]
91)21,8515,[3, 1, 5, 0, 4, 6, 2, 8, 7]
92)21,8515,[1, 6, 8, 4, 2, 3, 0, 7, 5]
93)21,8515,[3, 1, 7, 0, 8, 5, 2, 4, 6]
94)21,8515,[1, 5, 8, 6, 7, 3, 2, 4, 0]
95)21,8515,[4, 5, 3, 6, 0, 1, 7, 2, 8]
96)21,8515,[8, 4, 6, 0, 3, 7, 5, 2, 1]
97)21,8515,[5, 0, 3, 8, 6, 4, 7, 1, 2]
98)21,8515,[1, 5, 3, 7, 8, 6, 2, 4, 0]
99)21,8515,[8, 5, 1, 4, 2, 0, 7, 6, 3]
100)21,8515,[2, 6, 4, 8, 3, 5, 0, 7, 1]
101)21,8515,[3, 2, 8, 6, 7, 1, 4, 0, 5]
102)21,8515,[8, 0, 3, 7, 1, 6, 5, 2, 4]
103)21,8515,[0, 4, 8, 5, 2, 6, 3, 7, 1]
104)21,8515,[8, 3, 7, 1, 0, 6, 4, 5, 2]
105)21,8515,[1, 7, 3, 5, 8, 0, 6, 4, 2]
106)21,8515,[1, 6, 4, 5, 7, 2, 0, 3, 8]
107)21,8515,[0, 8, 6, 5, 4, 3, 2, 7, 1]
108)21,8515,[0, 7, 3, 1, 5, 4, 8, 2, 6]
109)21,8515,[0, 6, 4, 8, 3, 7, 5, 2, 1]
110)21,8515,[3, 8, 2, 4, 7, 5, 6, 0, 1]
111)21,8515,[7, 1, 3, 6, 0, 8, 2, 5, 4]
112)21,8515,[5, 4, 2, 7, 0, 6, 8, 1, 3]
113)21,8515,[4, 0, 6, 3, 1, 8, 2, 7, 5]
114)21,8515,[0, 5, 1, 7, 6, 4, 2, 3, 8]
115)21,8515,[1, 2, 0, 6, 7, 5, 8, 3, 4]
116)21,8515,[0, 4, 6, 1, 8, 2, 3, 5, 7]
117)21,8515,[4, 2, 1, 3, 0, 5, 6, 7, 8]
118)21,8515,[8, 1, 2, 4, 0, 3, 7, 6, 5]
119)21,8515,[6, 2, 8, 5, 4, 7, 1, 3, 0]
120)21,8515,[5, 8, 3, 1, 4, 0, 7, 6, 2]
121)21,8515,[2, 4, 3, 5, 7, 0, 6, 1, 8]
122)21,8515,[2, 3, 6, 7, 0, 8, 5, 4, 1]
123)21,8515,[4, 1, 3, 6, 0, 8, 2, 5, 7]
124)21,8515,[0, 6, 3, 7, 5, 4, 8, 2, 1]
125)21,8515,[5, 8, 4, 6, 3, 7, 1, 0, 2]
126)21,8515,[6, 1, 8, 3, 7, 4, 2, 0, 5]
127)21,8515,[0, 8, 2, 1, 6, 5, 4, 7, 3]
128)21,8515,[8, 1, 0, 4, 2, 7, 5, 6, 3]
129)21,8515,[8, 1, 4, 3, 0, 2, 5, 7, 6]
130)21,8515,[1, 5, 0, 3, 2, 6, 4, 7, 8]
131)21,8515,[2, 8, 4, 3, 6, 1, 5, 0, 7]
132)21,8515,[6, 7, 2, 0, 4, 8, 5, 1, 3]
133)21,8515,[7, 8, 3, 6, 2, 1, 4, 5, 0]
134)21,8515,[8, 5, 3, 7, 6, 1, 2, 4, 0]
135)21,8515,[0, 6, 1, 5, 2, 8, 3, 7, 4]
136)21,8515,[2, 4, 0, 8, 5, 6, 3, 7, 1]
137)21,8515,[0, 7, 5, 2, 8, 1, 3, 4, 6]
138)21,8515,[5, 4, 2, 3, 0, 1, 8, 7, 6]
139)21,8515,[4, 1, 0, 7, 8, 2, 5, 3, 6]
140)21,8515,[3, 4, 7, 8, 2, 5, 0, 6, 1]
141)21,8515,[5, 7, 6, 4, 0, 3, 2, 8, 1]
142)21,8515,[5, 6, 4, 8, 0, 1, 3, 7, 2]
143)21,8515,[6, 3, 7, 4, 2, 1, 8, 0, 5]
144)21,8515,[3, 7, 0, 8, 1, 5, 2, 6, 4]
145)21,8515,[6, 4, 2, 8, 5, 3, 0, 1, 7]
146)21,8515,[0, 2, 4, 1, 5, 3, 6, 8, 7]
147)21,8515,[4, 1, 3, 5, 7, 2, 6, 0, 8]
148)21,8515,[5, 1, 4, 7, 0, 6, 3, 8, 2]
149)21,8515,[1, 7, 5, 6, 4, 8, 0, 2, 3]
150)21,8515,[7, 2, 1, 4, 5, 8, 0, 6, 3]
151)21,8515,[6, 8, 2, 0, 7, 4, 1, 5, 3]
152)21,8515,[1, 8, 0, 3, 2, 6, 4, 5, 7]
153)21,8515,[5, 0, 6, 7, 3, 1, 8, 4, 2]
154)21,8515,[7, 8, 4, 3, 6, 5, 2, 1, 0]
155)21,8515,[8, 2, 5, 0, 6, 4, 7, 1, 3]
156)21,8515,[8, 4, 5, 1, 2, 6, 0, 7, 3]
157)21,8515,[3, 2, 7, 6, 1, 0, 5, 4, 8]
158)21,8515,[2, 7, 5, 3, 4, 0, 8, 1, 6]
159)21,8515,[6, 7, 1, 0, 8, 2, 3, 4, 5]
160)21,8515,[4, 3, 8, 5, 2, 1, 6, 7, 0]
161)21,8515,[3, 7, 4, 2, 1, 8, 5, 6, 0]
162)21,8515,[1, 8, 2, 4, 7, 6, 0, 3, 5]
163)21,8515,[4, 1, 3, 8, 7, 6, 5, 0, 2]
164)21,8515,[5, 3, 0, 7, 2, 4, 6, 1, 8]
165)21,8515,[0, 2, 7, 1, 6, 5, 4, 8, 3]
166)21,8515,[2, 7, 3, 5, 0, 6, 8, 1, 4]
167)21,8515,[1, 2, 4, 5, 7, 0, 8, 3, 6]
168)21,8515,[7, 1, 8, 4, 2, 6, 3, 5, 0]
169)21,8515,[4, 0, 3, 8, 5, 1, 2, 7, 6]
170)21,8515,[4, 3, 6, 7, 5, 1, 8, 0, 2]
171)21,8515,[7, 2, 4, 6, 8, 5, 3, 1, 0]
172)21,8515,[7, 6, 2, 4, 0, 1, 3, 8, 5]
173)21,8515,[3, 6, 0, 5, 8, 7, 2, 4, 1]
174)21,8515,[6, 8, 0, 1, 2, 3, 5, 4, 7]
175)21,8515,[2, 6, 8, 4, 3, 0, 1, 5, 7]
176)21,8515,[8, 5, 7, 3, 6, 0, 4, 2, 1]
177)21,8515,[7, 0, 4, 8, 6, 5, 2, 3, 1]
178)21,8515,[2, 0, 4, 6, 1, 7, 3, 8, 5]
179)21,8515,[0, 4, 8, 5, 3, 2, 7, 1, 6]
180)21,8515,[5, 7, 2, 3, 8, 6, 4, 1, 0]
181)21,8515,[1, 3, 7, 6, 0, 5, 2, 8, 4]
182)21,8515,[0, 7, 8, 4, 3, 5, 1, 6, 2]
183)21,8515,[1, 6, 2, 4, 8, 5, 0, 7, 3]
184)21,8515,[1, 0, 6, 8, 4, 7, 2, 3, 5]
185)21,8515,[0, 3, 6, 8, 4, 1, 7, 5, 2]
186)21,8515,[7, 6, 0, 1, 5, 4, 3, 8, 2]
187)21,8515,[5, 4, 7, 1, 2, 0, 3, 6, 8]
188)21,8515,[2, 8, 6, 5, 7, 0, 1, 4, 3]
189)21,8515,[1, 4, 6, 7, 0, 5, 2, 3, 8]
190)21,8515,[3, 2, 5, 6, 4, 8, 0, 7, 1]
191)21,8515,[5, 6, 7, 8, 3, 1, 4, 0, 2]
192)21,8515,[5, 0, 6, 1, 8, 2, 7, 3, 4]
193)21,8515,[1, 7, 2, 4, 6, 8, 3, 0, 5]
194)21,8515,[3, 7, 6, 8, 5, 1, 0, 4, 2]
195)21,8515,[3, 4, 6, 0, 5, 8, 7, 1, 2]
196)21,8515,[2, 8, 1, 7, 3, 0, 6, 4, 5]
197)21,8515,[6, 0, 3, 7, 8, 4, 2, 1, 5]
198)21,8515,[6, 5, 8, 1, 4, 0, 3, 7, 2]
199)21,8515,[1, 3, 4, 2, 0, 6, 8, 5, 7]
200)21,8515,[6, 8, 1, 4, 3, 7, 0, 2, 5]
201)21,8515,[1, 0, 5, 8, 4, 3, 7, 2, 6]
202)21,8515,[2, 6, 8, 4, 0, 5, 1, 7, 3]
203)21,8515,[5, 1, 2, 3, 4, 6, 0, 7, 8]
204)21,8515,[3, 6, 7, 1, 5, 8, 2, 0, 4]
205)21,8515,[4, 5, 6, 2, 7, 8, 3, 0, 1]
206)21,8515,[4, 3, 8, 0, 6, 2, 5, 7, 1]
207)21,8515,[0, 6, 5, 3, 4, 8, 1, 2, 7]
208)21,8515,[2, 6, 7, 3, 1, 5, 8, 4, 0]
209)21,8515,[0, 7, 3, 5, 8, 1, 2, 6, 4]
210)21,8515,[2, 3, 6, 8, 0, 5, 7, 4, 1]
211)21,8515,[5, 6, 0, 1, 3, 2, 4, 7, 8]
212)21,8515,[6, 8, 3, 0, 1, 2, 7, 5, 4]
213)21,8515,[4, 1, 7, 6, 8, 0, 5, 3, 2]
214)21,8515,[1, 4, 3, 0, 8, 6, 7, 2, 5]
215)21,8515,[6, 2, 0, 1, 5, 4, 8, 7, 3]
216)21,8515,[8, 7, 2, 0, 1, 5, 4, 3, 6]
217)21,8515,[8, 1, 3, 5, 0, 4, 7, 6, 2]
218)21,8515,[2, 8, 7, 5, 6, 0, 4, 1, 3]
219)21,8515,[6, 1, 0, 8, 5, 2, 7, 4, 3]
220)21,8515,[6, 2, 1, 0, 3, 5, 7, 8, 4]
221)21,8515,[3, 4, 5, 8, 0, 6, 7, 1, 2]
222)21,8515,[7, 1, 4, 5, 3, 8, 0, 2, 6]
223)21,8515,[2, 5, 0, 1, 3, 4, 8, 7, 6]
224)21,8515,[4, 0, 1, 8, 6, 7, 3, 5, 2]
225)21,8515,[0, 5, 6, 3, 7, 2, 8, 1, 4]
226)21,8515,[4, 8, 1, 0, 5, 3, 2, 7, 6]
227)21,8515,[6, 0, 8, 7, 5, 1, 3, 4, 2]
228)21,8515,[3, 0, 4, 1, 2, 5, 6, 7, 8]
229)21,8515,[0, 5, 6, 2, 8, 1, 3, 7, 4]
230)21,8515,[0, 6, 2, 4, 3, 1, 8, 5, 7]
231)21,8515,[1, 6, 0, 4, 5, 2, 8, 7, 3]
232)21,8515,[2, 4, 3, 7, 5, 8, 0, 1, 6]
233)21,8515,[6, 3, 5, 1, 0, 4, 8, 2, 7]
234)21,8515,[7, 2, 8, 1, 4, 6, 5, 0, 3]
235)21,8515,[7, 8, 6, 5, 0, 2, 4, 1, 3]
236)21,8515,[2, 8, 3, 5, 7, 0, 1, 6, 4]
237)21,8515,[7, 2, 0, 3, 6, 8, 4, 1, 5]
238)21,8515,[3, 6, 8, 7, 4, 1, 5, 2, 0]
239)21,8515,[6, 3, 4, 1, 7, 0, 8, 2, 5]
240)21,8515,[4, 1, 3, 7, 8, 6, 2, 5, 0]
241)21,8515,[4, 8, 1, 6, 0, 3, 7, 5, 2]
242)21,8515,[4, 7, 1, 8, 3, 0, 6, 5, 2]
243)21,8515,[5, 2, 1, 7, 0, 3, 8, 4, 6]
244)21,8515,[6, 8, 1, 3, 4, 5, 2, 0, 7]
245)21,8515,[0, 2, 1, 6, 3, 4, 8, 7, 5]
246)21,8515,[8, 7, 3, 5, 4, 0, 1, 6, 2]
247)21,8515,[8, 3, 0, 2, 6, 1, 7, 4, 5]
248)21,8515,[8, 0, 1, 4, 6, 3, 7, 2, 5]
249)21,8515,[0, 6, 4, 1, 8, 3, 2, 5, 7]
250)21,8515,[5, 4, 3, 1, 0, 8, 2, 6, 7]
251)21,8515,[0, 4, 1, 7, 8, 5, 6, 2, 3]
252)21,8515,[3, 5, 4, 6, 8, 2, 7, 0, 1]
253)21,8515,[3, 4, 6, 2, 1, 7, 5, 8, 0]
254)21,8515,[0, 5, 1, 3, 8, 6, 2, 7, 4]
255)21,8515,[0, 6, 4, 1, 7, 5, 3, 2, 8]
256)21,8515,[3, 1, 2, 0, 7, 5, 4, 8, 6]
257)21,8515,[4, 2, 5, 8, 7, 3, 6, 0, 1]
258)21,8515,[0, 5, 2, 3, 8, 6, 4, 1, 7]
259)21,8515,[0, 8, 7, 4, 5, 3, 2, 1, 6]
260)21,8515,[1, 2, 4, 8, 7, 6, 0, 3, 5]
261)21,8515,[5, 3, 4, 0, 6, 1, 7, 8, 2]
262)21,8515,[0, 3, 5, 7, 1, 2, 4, 8, 6]
263)21,8515,[4, 1, 5, 3, 8, 0, 6, 7, 2]
264)21,8515,[2, 1, 0, 6, 8, 3, 4, 7, 5]
265)21,8515,[3, 5, 4, 6, 1, 8, 0, 7, 2]
266)21,8515,[1, 8, 0, 5, 2, 3, 6, 4, 7]
267)21,8515,[5, 6, 2, 3, 7, 8, 1, 0, 4]
268)21,8515,[1, 2, 3, 5, 4, 6, 8, 0, 7]
269)21,8515,[0, 1, 5, 2, 4, 6, 8, 3, 7]
270)21,8515,[6, 5, 3, 1, 4, 8, 2, 0, 7]
271)21,8515,[4, 1, 2, 7, 6, 3, 8, 0, 5]
272)21,8515,[3, 2, 7, 0, 6, 5, 1, 4, 8]
273)21,8515,[3, 2, 7, 1, 6, 8, 4, 5, 0]
274)21,8515,[3, 8, 5, 2, 6, 1, 4, 7, 0]
275)21,8515,[2, 5, 3, 0, 7, 6, 8, 1, 4]
276)21,8515,[7, 4, 8, 3, 1, 2, 5, 6, 0]
277)21,8515,[3, 6, 7, 4, 5, 0, 8, 1, 2]
278)21,8515,[6, 1, 3, 5, 2, 4, 0, 8, 7]
279)21,8515,[6, 0, 8, 5, 4, 2, 7, 1, 3]
280)21,8515,[7, 3, 2, 0, 6, 5, 4, 8, 1]
281)21,8515,[1, 6, 8, 5, 7, 4, 3, 0, 2]
282)21,8515,[8, 1, 7, 4, 5, 0, 6, 2, 3]
283)21,8515,[1, 0, 5, 7, 8, 4, 3, 2, 6]
284)21,8515,[0, 8, 4, 1, 6, 3, 2, 5, 7]
285)21,8515,[0, 8, 3, 2, 4, 7, 6, 1, 5]
286)21,8515,[6, 7, 2, 1, 5, 8, 3, 0, 4]
287)21,8515,[4, 7, 3, 0, 1, 8, 2, 6, 5]
288)21,8515,[6, 2, 8, 7, 1, 5, 0, 4, 3]
289)21,8515,[0, 2, 4, 1, 6, 3, 8, 7, 5]
290)21,8515,[6, 3, 0, 4, 8, 5, 1, 7, 2]
291)21,8515,[7, 0, 4, 8, 2, 5, 1, 3, 6]
292)21,8515,[0, 2, 5, 7, 8, 4, 6, 1, 3]
293)21,8515,[0, 1, 3, 2, 6, 5, 7, 4, 8]
294)21,8515,[3, 6, 1, 5, 2, 4, 7, 0, 8]
295)21,8515,[8, 2, 4, 0, 7, 5, 6, 1, 3]
296)21,8515,[5, 7, 8, 3, 2, 0, 4, 1, 6]
297)21,8515,[0, 2, 6, 4, 7, 1, 8, 3, 5]
298)21,8515,[4, 7, 1, 8, 2, 6, 3, 5, 0]
299)21,8515,[3, 0, 6, 5, 1, 7, 8, 2, 4]
300)21,8515,[8, 3, 2, 1, 5, 6, 7, 4, 0]
301)21,8515,[3, 4, 8, 7, 0, 2, 5, 1, 6]
302)21,8515,[6, 3, 1, 8, 4, 0, 2, 5, 7]
303)21,8515,[0, 4, 2, 7, 6, 1, 8, 5, 3]
304)21,8515,[3, 5, 6, 7, 1, 8, 4, 2, 0]
305)21,8515,[2, 4, 5, 3, 8, 1, 0, 7, 6]
306)21,8515,[8, 4, 5, 3, 1, 0, 6, 7, 2]
307)21,8515,[2, 3, 5, 0, 4, 7, 6, 1, 8]
308)21,8515,[2, 4, 0, 5, 8, 3, 7, 1, 6]
309)21,8515,[8, 6, 2, 3, 1, 4, 5, 7, 0]
310)21,8515,[6, 3, 1, 7, 5, 2, 0, 4, 8]
311)21,8515,[5, 7, 2, 8, 1, 6, 0, 4, 3]
312)21,8515,[0, 1, 6, 8, 7, 4, 2, 5, 3]
313)21,8515,[1, 4, 5, 2, 3, 0, 8, 6, 7]
314)21,8515,[0, 5, 3, 1, 8, 4, 6, 7, 2]
315)21,8515,[3, 6, 1, 5, 4, 7, 2, 0, 8]
316)21,8515,[5, 3, 1, 0, 4, 6, 2, 8, 7]
317)21,8515,[5, 6, 2, 7, 8, 0, 3, 4, 1]
318)21,8515,[3, 1, 4, 2, 7, 8, 6, 0, 5]
319)21,8515,[1, 3, 2, 0, 6, 8, 7, 4, 5]
320)21,8515,[4, 1, 7, 6, 8, 5, 0, 3, 2]
321)21,8515,[8, 5, 4, 0, 3, 7, 2, 1, 6]
322)21,8515,[4, 7, 0, 2, 3, 6, 5, 1, 8]
323)21,8515,[2, 1, 0, 5, 8, 3, 7, 6, 4]
324)21,8515,[2, 0, 7, 4, 1, 6, 8, 5, 3]
325)21,8515,[7, 3, 2, 5, 1, 8, 4, 6, 0]
326)21,8515,[1, 6, 4, 7, 8, 0, 5, 2, 3]
327)21,8515,[8, 0, 1, 2, 6, 7, 4, 3, 5]
328)21,8515,[1, 8, 4, 3, 0, 7, 2, 5, 6]
329)21,8515,[2, 7, 4, 6, 0, 8, 3, 1, 5]
330)21,8515,[5, 1, 7, 6, 8, 4, 0, 2, 3]
331)21,8515,[8, 7, 4, 0, 6, 2, 3, 5, 1]
332)21,8515,[3, 4, 0, 7, 5, 8, 6, 1, 2]
333)21,8515,[4, 2, 5, 6, 1, 8, 7, 3, 0]
334)21,8515,[4, 5, 8, 1, 3, 0, 2, 6, 7]
335)21,8515,[7, 4, 2, 8, 1, 5, 6, 0, 3]
336)21,8515,[5, 0, 2, 4, 1, 8, 3, 6, 7]
337)21,8515,[8, 1, 2, 6, 7, 4, 5, 3, 0]
338)21,8515,[0, 6, 3, 5, 4, 2, 1, 7, 8]
339)21,8515,[3, 5, 8, 2, 4, 7, 6, 0, 1]
340)21,8515,[4, 6, 1, 0, 5, 8, 7, 2, 3]
341)21,8515,[2, 0, 5, 3, 4, 8, 6, 7, 1]
342)21,8515,[1, 4, 5, 7, 8, 2, 3, 6, 0]
343)21,8515,[0, 2, 1, 4, 7, 6, 3, 8, 5]
344)21,8515,[2, 3, 6, 8, 0, 1, 7, 4, 5]
345)21,8515,[0, 5, 4, 3, 8, 6, 7, 2, 1]
346)21,8515,[3, 2, 4, 7, 8, 1, 5, 6, 0]
347)21,8515,[0, 3, 7, 8, 5, 4, 6, 2, 1]
348)21,8515,[6, 2, 5, 0, 4, 8, 7, 3, 1]
349)21,8515,[7, 4, 0, 1, 2, 3, 6, 5, 8]
350)21,8515,[1, 2, 7, 8, 5, 4, 0, 3, 6]
351)21,8515,[2, 8, 0, 4, 5, 1, 3, 6, 7]
352)21,8515,[3, 6, 0, 4, 2, 8, 5, 1, 7]
353)21,8515,[7, 8, 2, 3, 6, 1, 5, 0, 4]
354)21,8515,[4, 1, 7, 3, 2, 5, 0, 8, 6]
355)21,8515,[8, 2, 4, 6, 0, 3, 7, 5, 1]
356)21,8515,[7, 1, 8, 3, 5, 4, 2, 6, 0]
357)21,8515,[3, 1, 5, 2, 0, 4, 6, 8, 7]
358)21,8515,[5, 0, 2, 8, 7, 3, 6, 1, 4]
359)21,8515,[2, 6, 7, 8, 0, 3, 4, 5, 1]
360)21,8515,[3, 5, 4, 6, 0, 1, 8, 2, 7]
361)21,8515,[0, 1, 3, 6, 8, 5, 2, 4, 7]
362)21,8515,[6, 7, 2, 3, 4, 0, 1, 5, 8]
363)21,8515,[5, 4, 1, 2, 7, 3, 6, 8, 0]
364)21,8515,[6, 4, 0, 8, 3, 1, 2, 7, 5]
365)21,8515,[1, 0, 4, 6, 5, 2, 3, 8, 7]
366)21,8515,[3, 1, 7, 0, 5, 4, 8, 2, 6]
367)21,8515,[8, 5, 0, 7, 4, 6, 2, 3, 1]
368)21,8515,[2, 3, 8, 1, 6, 5, 0, 4, 7]
369)21,8515,[4, 8, 1, 7, 0, 6, 2, 3, 5]
370)21,8515,[5, 3, 7, 2, 1, 4, 8, 0, 6]
371)21,8515,[4, 3, 8, 7, 0, 6, 5, 2, 1]
372)21,8515,[6, 4, 1, 2, 7, 5, 8, 0, 3]
373)21,8515,[8, 6, 2, 3, 0, 4, 7, 5, 1]
374)21,8515,[6, 5, 4, 0, 7, 2, 8, 1, 3]
375)21,8515,[8, 7, 3, 4, 5, 1, 6, 0, 2]
376)21,8515,[8, 0, 1, 6, 7, 5, 4, 2, 3]
377)21,8515,[6, 3, 8, 1, 2, 4, 7, 0, 5]
378)21,8515,[3, 2, 0, 8, 4, 1, 6, 5, 7]
379)21,8515,[2, 5, 8, 1, 4, 6, 0, 3, 7]
380)21,8515,[3, 7, 8, 5, 0, 2, 1, 4, 6]
381)21,8515,[1, 7, 5, 4, 8, 3, 6, 0, 2]
382)21,8515,[2, 0, 6, 3, 7, 4, 5, 1, 8]
383)21,8515,[4, 2, 5, 7, 6, 3, 0, 8, 1]
384)21,8515,[2, 5, 4, 6, 7, 0, 8, 1, 3]
385)21,8515,[0, 8, 7, 2, 1, 5, 4, 3, 6]
386)21,8515,[3, 4, 6, 0, 5, 2, 1, 8, 7]
387)21,8515,[3, 6, 5, 7, 1, 8, 0, 2, 4]
388)21,8515,[5, 8, 3, 6, 0, 1, 7, 4, 2]
389)21,8515,[4, 7, 1, 0, 8, 3, 5, 2, 6]
390)21,8515,[3, 8, 4, 5, 6, 1, 0, 2, 7]
391)21,8515,[2, 8, 4, 7, 1, 5, 6, 0, 3]
392)21,8515,[8, 0, 5, 3, 6, 4, 1, 7, 2]
393)21,8515,[1, 7, 5, 4, 8, 2, 6, 0, 3]
394)21,8515,[7, 2, 6, 4, 1, 8, 3, 5, 0]
395)21,8515,[6, 7, 8, 3, 5, 4, 0, 1, 2]
396)21,8515,[0, 4, 3, 5, 6, 2, 8, 7, 1]
397)21,8515,[1, 3, 4, 7, 2, 5, 0, 8, 6]
398)21,8515,[1, 4, 8, 3, 2, 0, 7, 5, 6]
399)21,8515,[6, 5, 1, 3, 0, 2, 7, 8, 4]
400)21,8515,[0, 2, 6, 7, 5, 3, 1, 8, 4]
401)21,8515,[1, 8, 7, 6, 3, 0, 4, 2, 5]
402)21,8515,[5, 2, 4, 7, 3, 1, 0, 8, 6]
403)21,8515,[0, 3, 7, 8, 4, 6, 5, 2, 1]
404)21,8515,[3, 7, 8, 2, 4, 6, 0, 1, 5]
405)21,8515,[0, 8, 7, 5, 6, 1, 3, 2, 4]
406)21,8515,[8, 7, 2, 5, 0, 1, 4, 3, 6]
407)21,8515,[4, 0, 7, 6, 1, 3, 2, 5, 8]
408)21,8515,[8, 7, 5, 0, 2, 6, 3, 1, 4]
409)21,8515,[1, 4, 2, 7, 5, 3, 8, 6, 0]
410)21,8515,[4, 2, 5, 7, 1, 3, 6, 0, 8]
411)21,8515,[4, 6, 0, 8, 5, 1, 2, 3, 7]
412)21,8515,[6, 0, 5, 4, 8, 7, 2, 1, 3]
413)21,8515,[7, 6, 3, 2, 5, 1, 0, 8, 4]
414)21,8515,[7, 6, 2, 5, 4, 1, 3, 8, 0]
415)21,8515,[1, 5, 6, 0, 8, 3, 7, 4, 2]
416)21,8515,[3, 1, 8, 4, 6, 5, 0, 7, 2]
417)21,8515,[6, 1, 7, 2, 4, 0, 3, 5, 8]
418)21,8515,[4, 3, 8, 5, 0, 1, 7, 6, 2]
419)21,8515,[4, 6, 7, 1, 2, 3, 8, 0, 5]
420)21,8515,[1, 0, 6, 3, 2, 5, 4, 7, 8]
421)21,8515,[4, 3, 0, 7, 2, 5, 8, 1, 6]
422)21,8515,[3, 0, 5, 6, 8, 4, 1, 7, 2]
423)21,8515,[5, 4, 3, 7, 0, 6, 2, 1, 8]
424)21,8515,[6, 2, 4, 1, 5, 0, 3, 7, 8]
425)21,8515,[0, 8, 6, 4, 7, 1, 3, 5, 2]
426)21,8515,[4, 8, 5, 0, 7, 3, 2, 6, 1]
427)21,8515,[7, 4, 5, 3, 6, 8, 1, 2, 0]
428)21,8515,[7, 5, 0, 2, 4, 3, 8, 1, 6]
429)21,8515,[7, 4, 2, 6, 1, 5, 3, 8, 0]
430)21,8515,[4, 7, 2, 1, 3, 6, 0, 8, 5]
431)21,8515,[1, 3, 4, 7, 8, 0, 6, 5, 2]
432)21,8515,[6, 1, 7, 5, 4, 2, 3, 0, 8]
433)21,8515,[7, 4, 6, 8, 0, 2, 3, 1, 5]
434)21,8515,[3, 2, 0, 1, 5, 4, 7, 8, 6]
435)21,8515,[6, 0, 5, 3, 4, 7, 8, 1, 2]
436)21,8515,[5, 0, 3, 8, 6, 4, 2, 7, 1]
437)21,8515,[7, 5, 8, 2, 1, 0, 3, 4, 6]
438)21,8515,[6, 5, 3, 2, 0, 8, 4, 7, 1]
439)21,8515,[3, 4, 5, 0, 2, 8, 7, 6, 1]
440)21,8515,[2, 6, 4, 1, 5, 3, 7, 0, 8]
441)21,8515,[0, 3, 6, 2, 1, 5, 8, 7, 4]
442)21,8515,[7, 1, 8, 6, 2, 5, 4, 0, 3]
443)21,8515,[1, 7, 0, 6, 3, 4, 5, 2, 8]
444)21,8515,[8, 7, 5, 0, 4, 3, 2, 1, 6]
445)21,8515,[4, 8, 6, 7, 3, 5, 2, 1, 0]
446)21,8515,[0, 2, 7, 8, 1, 4, 3, 6, 5]
447)21,8515,[4, 1, 7, 6, 2, 0, 8, 5, 3]
448)21,8515,[7, 6, 1, 2, 5, 0, 3, 8, 4]
449)21,8515,[3, 4, 7, 5, 1, 8, 2, 6, 0]
450)21,8515,[1, 7, 8, 0, 6, 4, 3, 2, 5]
451)21,8515,[7, 5, 2, 4, 1, 3, 8, 0, 6]
452)21,8515,[0, 3, 6, 7, 5, 2, 8, 4, 1]
453)21,8515,[7, 5, 1, 3, 8, 2, 6, 0, 4]
454)21,8515,[4, 2, 5, 6, 7, 8, 0, 3, 1]
455)21,8515,[3, 0, 5, 1, 2, 7, 6, 8, 4]
456)21,8515,[6, 7, 1, 8, 3, 0, 4, 2, 5]
457)21,8515,[3, 7, 4, 6, 5, 1, 0, 8, 2]
458)21,8515,[3, 0, 2, 1, 7, 4, 8, 6, 5]
459)21,8515,[8, 3, 4, 7, 0, 2, 5, 6, 1]
460)21,8515,[7, 4, 5, 2, 6, 8, 3, 1, 0]
461)21,8515,[4, 1, 7, 0, 5, 3, 2, 8, 6]
462)21,8515,[5, 3, 8, 1, 2, 4, 0, 6, 7]
463)21,8515,[5, 7, 0, 2, 8, 6, 1, 4, 3]
464)21,8515,[4, 7, 8, 1, 6, 2, 0, 3, 5]
465)21,8515,[1, 7, 0, 8, 6, 2, 3, 5, 4]
466)21,8515,[7, 8, 0, 3, 5, 6, 4, 1, 2]
467)21,8515,[2, 0, 1, 6, 5, 4, 8, 7, 3]
468)21,8515,[8, 1, 5, 6, 3, 7, 0, 2, 4]
469)21,8515,[8, 3, 2, 0, 6, 7, 1, 4, 5]
470)21,8515,[2, 6, 8, 5, 7, 3, 1, 4, 0]
471)21,8515,[1, 3, 0, 6, 5, 2, 4, 8, 7]
472)21,8515,[7, 5, 2, 6, 1, 0, 8, 3, 4]
473)21,8515,[2, 6, 0, 8, 7, 4, 3, 1, 5]
474)21,8515,[6, 2, 0, 5, 4, 7, 3, 8, 1]
475)21,8515,[3, 6, 7, 1, 0, 2, 8, 4, 5]
476)21,8515,[8, 3, 0, 7, 4, 2, 6, 1, 5]
477)21,8515,[5, 4, 8, 3, 1, 0, 7, 2, 6]
478)21,8515,[1, 5, 4, 3, 7, 2, 8, 6, 0]
479)21,8515,[8, 4, 7, 2, 1, 6, 0, 5, 3]
480)21,8515,[0, 6, 8, 7, 1, 2, 5, 3, 4]
481)21,8515,[1, 8, 7, 3, 6, 5, 0, 4, 2]
482)21,8515,[5, 3, 8, 1, 4, 7, 6, 2, 0]
483)21,8515,[1, 7, 4, 5, 6, 8, 0, 3, 2]
484)21,8515,[3, 0, 5, 6, 2, 1, 4, 8, 7]
485)21,8515,[4, 7, 6, 8, 2, 0, 3, 1, 5]
486)21,8515,[7, 3, 0, 4, 6, 1, 2, 5, 8]
487)21,8515,[2, 0, 4, 8, 1, 6, 3, 7, 5]
488)21,8515,[2, 1, 3, 0, 4, 8, 5, 6, 7]
489)21,8515,[7, 8, 1, 0, 6, 5, 3, 4, 2]
490)21,8515,[3, 8, 6, 4, 2, 5, 0, 7, 1]
491)21,8515,[0, 3, 5, 4, 1, 8, 7, 2, 6]
492)21,8515,[8, 6, 5, 2, 1, 4, 0, 3, 7]
493)21,8515,[4, 6, 1, 3, 5, 2, 0, 8, 7]
494)21,8515,[7, 8, 3, 2, 6, 0, 5, 4, 1]
495)21,8515,[6, 4, 8, 1, 0, 5, 3, 2, 7]
496)21,8515,[0, 3, 4, 7, 8, 5, 1, 6, 2]
497)21,8515,[2, 4, 6, 8, 7, 5, 3, 0, 1]
498)21,8515,[2, 1, 8, 4, 0, 5, 6, 3, 7]
499)21,8515,[7, 3, 5, 8, 2, 1, 0, 6, 4]
500)21,8515,[5, 1, 3, 8, 0, 7, 4, 2, 6]
501)21,8515,[2, 3, 6, 8, 4, 0, 1, 7, 5]
502)21,8515,[7, 6, 0, 2, 1, 4, 3, 8, 5]
503)21,8515,[5, 3, 4, 0, 1, 2, 6, 8, 7]
504)21,8515,[8, 1, 3, 5, 2, 7, 4, 6, 0]
505)21,8515,[2, 8, 7, 0, 6, 3, 4, 5, 1]
506)21,8515,[3, 8, 1, 2, 6, 0, 7, 4, 5]
507)21,8515,[6, 5, 4, 7, 8, 0, 3, 1, 2]
508)21,8515,[0, 4, 6, 1, 7, 5, 8, 3, 2]
509)21,8515,[4, 6, 3, 8, 5, 2, 1, 7, 0]
510)21,8515,[4, 6, 2, 3, 5, 1, 7, 0, 8]
511)21,8515,[2, 4, 1, 7, 6, 5, 8, 0, 3]
512)21,8515,[3, 5, 0, 4, 8, 2, 1, 6, 7]
513)21,8515,[6, 2, 0, 4, 8, 7, 3, 5, 1]
514)21,8515,[8, 3, 2, 0, 4, 6, 1, 7, 5]
515)21,8515,[4, 7, 0, 2, 3, 5, 8, 1, 6]
516)21,8515,[3, 4, 7, 2, 8, 1, 0, 6, 5]
